4350.00
4350.05
4350.10
4350.15
4350.20
4350.25
4350.30
4350.35
4350.40
4350.45
4350.50
4350.55
4350.60
4350.65
4350.70
4350.75
4350.80
4350.85
4350.90
4350.95
4351.00
4351.05
4351.10
4351.15
4351.20
4351.25
4351.30
4351.35
4351.40
4351.45
4351.50
4351.55
4351.60
4351.65
4351.70
4351.75
4351.80
4351.85
4351.90
4351.95
4352.00
4352.05
4352.10
4352.15
4352.20
4352.25
4352.30
4352.35
4352.40
4352.45
4352.50
4352.55
4352.60
4352.65
4352.70
4352.75
4352.80
4352.85
4352.90
4352.95
4353.00
4353.05
4353.10
4353.15
4353.20
4353.25
4353.30
4353.35
4353.40
4353.45
4353.50
4353.55
4353.60
4353.65
4353.70
4353.75
4353.80
4353.85
4353.90
4353.95
4354.00
4354.05
4354.10
4354.15
4354.20
4354.25
4354.30
4354.35
4354.40
4354.45
4354.50
4354.55
4354.60
4354.65
4354.70
4354.75
4354.80
4354.85
4354.90
4354.95
4355.00
4355.05
4355.10
4355.15
4355.20
4355.25
4355.30
4355.35
4355.40
4355.45
4355.50
4355.55
4355.60
4355.65
4355.70
4355.75
4355.80
4355.85
4355.90
4355.95
4356.00
4356.05
4356.10
4356.15
4356.20
4356.25
4356.30
4356.35
4356.40
4356.45
4356.50
4356.55
4356.60
4356.65
4356.70
4356.75
4356.80
4356.85
4356.90
4356.95
4357.00
4357.05
4357.10
4357.15
4357.20
4357.25
4357.30
4357.35
4357.40
4357.45
4357.50
4357.55
4357.60
4357.65
4357.70
4357.75
4357.80
4357.85
4357.90
4357.95
4358.00
4358.05
4358.10
4358.15
4358.20
4358.25
4358.30
4358.35
4358.40
4358.45
4358.50
4358.55
4358.60
4358.65
4358.70
4358.75
4358.80
4358.85
4358.90
4358.95
4359.00
4359.05
4359.10
4359.15
4359.20
4359.25
4359.30
4359.35
4359.40
4359.45
4359.50
4359.55
4359.60
4359.65
4359.70
4359.75
4359.80
4359.85
4359.90
4359.95
4360.00
4360.05
4360.10
4360.15
4360.20
4360.25
4360.30
4360.35
4360.40
4360.45
4360.50
4360.55
4360.60
4360.65
4360.70
4360.75
4360.80
4360.85
4360.90
4360.95
4361.00
4361.05
4361.10
4361.15
4361.20
4361.25
4361.30
4361.35
4361.40
4361.45
4361.50
4361.55
4361.60
4361.65
4361.70
4361.75
4361.80
4361.85
4361.90
4361.95
4362.00
4362.05
4362.10
4362.15
4362.20
4362.25
4362.30
4362.35
4362.40
4362.45
4362.50
4362.55
4362.60
4362.65
4362.70
4362.75
4362.80
4362.85
4362.90
4362.95
4363.00
4363.05
4363.10
4363.15
4363.20
4363.25
4363.30
4363.35
4363.40
4363.45
4363.50
4363.55
4363.60
4363.65
4363.70
4363.75
4363.80
4363.85
4363.90
4363.95
4364.00
4364.05
4364.10
4364.15
4364.20
4364.25
4364.30
4364.35
4364.40
4364.45
4364.50
4364.55
4364.60
4364.65
4364.70
4364.75
4364.80
4364.85
4364.90
4364.95
4365.00
4365.05
4365.10
4365.15
4365.20
4365.25
4365.30
4365.35
4365.40
4365.45
4365.50
4365.55
4365.60
4365.65
4365.70
4365.75
4365.80
4365.85
4365.90
4365.95
4366.00
4366.05
4366.10
4366.15
4366.20
4366.25
4366.30
4366.35
4366.40
4366.45
4366.50
4366.55
4366.60
4366.65
4366.70
4366.75
4366.80
4366.85
4366.90
4366.95
4367.00
4367.05
4367.10
4367.15
4367.20
4367.25
4367.30
4367.35
4367.40
4367.45
4367.50
4367.55
4367.60
4367.65
4367.70
4367.75
4367.80
4367.85
4367.90
4367.95
4368.00
4368.05
4368.10
4368.15
4368.20
4368.25
4368.30
4368.35
4368.40
4368.45
4368.50
4368.55
4368.60
4368.65
4368.70
4368.75
4368.80
4368.85
4368.90
4368.95
4369.00
4369.05
4369.10
4369.15
4369.20
4369.25
4369.30
4369.35
4369.40
4369.45
4369.50
4369.55
4369.60
4369.65
4369.70
4369.75
4369.80
4369.85
4369.90
4369.95
4370.00
4370.05
4370.10
4370.15
4370.20
4370.25
4370.30
4370.35
4370.40
4370.45
4370.50
4370.55
4370.60
4370.65
4370.70
4370.75
4370.80
4370.85
4370.90
4370.95
4371.00
4371.05
4371.10
4371.15
4371.20
4371.25
4371.30
4371.35
4371.40
4371.45
4371.50
4371.55
4371.60
4371.65
4371.70
4371.75
4371.80
4371.85
4371.90
4371.95
4372.00
4372.05
4372.10
4372.15
4372.20
4372.25
4372.30
4372.35
4372.40
4372.45
4372.50
4372.55
4372.60
4372.65
4372.70
4372.75
4372.80
4372.85
4372.90
4372.95
4373.00
4373.05
4373.10
4373.15
4373.20
4373.25
4373.30
4373.35
4373.40
4373.45
4373.50
4373.55
4373.60
4373.65
4373.70
4373.75
4373.80
4373.85
4373.90
4373.95
4374.00
4374.05
4374.10
4374.15
4374.20
4374.25
4374.30
4374.35
4374.40
4374.45
4374.50
4374.55
4374.60
4374.65
4374.70
4374.75
4374.80
4374.85
4374.90
4374.95
4375.00
4375.05
4375.10
4375.15
4375.20
4375.25
4375.30
4375.35
4375.40
4375.45
4375.50
4375.55
4375.60
4375.65
4375.70
4375.75
4375.80
4375.85
4375.90
4375.95
4376.00
4376.05
4376.10
4376.15
4376.20
4376.25
4376.30
4376.35
4376.40
4376.45
4376.50
4376.55
4376.60
4376.65
4376.70
4376.75
4376.80
4376.85
4376.90
4376.95
4377.00
4377.05
4377.10
4377.15
4377.20
4377.25
4377.30
4377.35
4377.40
4377.45
4377.50
4377.55
4377.60
4377.65
4377.70
4377.75
4377.80
4377.85
4377.90
4377.95
4378.00
4378.05
4378.10
4378.15
4378.20
4378.25
4378.30
4378.35
4378.40
4378.45
4378.50
4378.55
4378.60
4378.65
4378.70
4378.75
4378.80
4378.85
4378.90
4378.95
4379.00
4379.05
4379.10
4379.15
4379.20
4379.25
4379.30
4379.35
4379.40
4379.45
4379.50
4379.55
4379.60
4379.65
4379.70
4379.75
4379.80
4379.85
4379.90
4379.95
4380.00
4380.05
4380.10
4380.15
4380.20
4380.25
4380.30
4380.35
4380.40
4380.45
4380.50
4380.55
4380.60
4380.65
4380.70
4380.75
4380.80
4380.85
4380.90
4380.95
4381.00
4381.05
4381.10
4381.15
4381.20
4381.25
4381.30
4381.35
4381.40
4381.45
4381.50
4381.55
4381.60
4381.65
4381.70
4381.75
4381.80
4381.85
4381.90
4381.95
4382.00
4382.05
4382.10
4382.15
4382.20
4382.25
4382.30
4382.35
4382.40
4382.45
4382.50
4382.55
4382.60
4382.65
4382.70
4382.75
4382.80
4382.85
4382.90
4382.95
4383.00
4383.05
4383.10
4383.15
4383.20
4383.25
4383.30
4383.35
4383.40
4383.45
4383.50
4383.55
4383.60
4383.65
4383.70
4383.75
4383.80
4383.85
4383.90
4383.95
4384.00
4384.05
4384.10
4384.15
4384.20
4384.25
4384.30
4384.35
4384.40
4384.45
4384.50
4384.55
4384.60
4384.65
4384.70
4384.75
4384.80
4384.85
4384.90
4384.95
4385.00
4385.05
4385.10
4385.15
4385.20
4385.25
4385.30
4385.35
4385.40
4385.45
4385.50
4385.55
4385.60
4385.65
4385.70
4385.75
4385.80
4385.85
4385.90
4385.95
4386.00
4386.05
4386.10
4386.15
4386.20
4386.25
4386.30
4386.35
4386.40
4386.45
4386.50
4386.55
4386.60
4386.65
4386.70
4386.75
4386.80
4386.85
4386.90
4386.95
4387.00
4387.05
4387.10
4387.15
4387.20
4387.25
4387.30
4387.35
4387.40
4387.45
4387.50
4387.55
4387.60
4387.65
4387.70
4387.75
4387.80
4387.85
4387.90
4387.95
4388.00
4388.05
4388.10
4388.15
4388.20
4388.25
4388.30
4388.35
4388.40
4388.45
4388.50
4388.55
4388.60
4388.65
4388.70
4388.75
4388.80
4388.85
4388.90
4388.95
4389.00
4389.05
4389.10
4389.15
4389.20
4389.25
4389.30
4389.35
4389.40
4389.45
4389.50
4389.55
4389.60
4389.65
4389.70
4389.75
4389.80
4389.85
4389.90
4389.95
4390.00
4390.05
4390.10
4390.15
4390.20
4390.25
4390.30
4390.35
4390.40
4390.45
4390.50
4390.55
4390.60
4390.65
4390.70
4390.75
4390.80
4390.85
4390.90
4390.95
4391.00
4391.05
4391.10
4391.15
4391.20
4391.25
4391.30
4391.35
4391.40
4391.45
4391.50
4391.55
4391.60
4391.65
4391.70
4391.75
4391.80
4391.85
4391.90
4391.95
4392.00
4392.05
4392.10
4392.15
4392.20
4392.25
4392.30
4392.35
4392.40
4392.45
4392.50
4392.55
4392.60
4392.65
4392.70
4392.75
4392.80
4392.85
4392.90
4392.95
4393.00
4393.05
4393.10
4393.15
4393.20
4393.25
4393.30
4393.35
4393.40
4393.45
4393.50
4393.55
4393.60
4393.65
4393.70
4393.75
4393.80
4393.85
4393.90
4393.95
4394.00
4394.05
4394.10
4394.15
4394.20
4394.25
4394.30
4394.35
4394.40
4394.45
4394.50
4394.55
4394.60
4394.65
4394.70
4394.75
4394.80
4394.85
4394.90
4394.95
4395.00
4395.05
4395.10
4395.15
4395.20
4395.25
4395.30
4395.35
4395.40
4395.45
4395.50
4395.55
4395.60
4395.65
4395.70
4395.75
4395.80
4395.85
4395.90
4395.95
4396.00
4396.05
4396.10
4396.15
4396.20
4396.25
4396.30
4396.35
4396.40
4396.45
4396.50
4396.55
4396.60
4396.65
4396.70
4396.75
4396.80
4396.85
4396.90
4396.95
4397.00
4397.05
4397.10
4397.15
4397.20
4397.25
4397.30
4397.35
4397.40
4397.45
4397.50
4397.55
4397.60
4397.65
4397.70
4397.75
4397.80
4397.85
4397.90
4397.95
4398.00
4398.05
4398.10
4398.15
4398.20
4398.25
4398.30
4398.35
4398.40
4398.45
4398.50
4398.55
4398.60
4398.65
4398.70
4398.75
4398.80
4398.85
4398.90
4398.95
4399.00
4399.05
4399.10
4399.15
4399.20
4399.25
4399.30
4399.35
4399.40
4399.45
4399.50
4399.55
4399.60
4399.65
4399.70
4399.75
4399.80
4399.85
4399.90
4399.95
4400.00
4400.05
4400.10
4400.15
4400.20
4400.25
4400.30
4400.35
4400.40
4400.45
4400.50
4400.55
4400.60
4400.65
4400.70
4400.75
4400.80
4400.85
4400.90
4400.95
4401.00
4401.05
4401.10
4401.15
4401.20
4401.25
4401.30
4401.35
4401.40
4401.45
4401.50
4401.55
4401.60
4401.65
4401.70
4401.75
4401.80
4401.85
4401.90
4401.95
4402.00
4402.05
4402.10
4402.15
4402.20
4402.25
4402.30
4402.35
4402.40
4402.45
4402.50
4402.55
4402.60
4402.65
4402.70
4402.75
4402.80
4402.85
4402.90
4402.95
4403.00
4403.05
4403.10
4403.15
4403.20
4403.25
4403.30
4403.35
4403.40
4403.45
4403.50
4403.55
4403.60
4403.65
4403.70
4403.75
4403.80
4403.85
4403.90
4403.95
4404.00
4404.05
4404.10
4404.15
4404.20
4404.25
4404.30
4404.35
4404.40
4404.45
4404.50
4404.55
4404.60
4404.65
4404.70
4404.75
4404.80
4404.85
4404.90
4404.95
4405.00
4405.05
4405.10
4405.15
4405.20
4405.25
4405.30
4405.35
4405.40
4405.45
4405.50
4405.55
4405.60
4405.65
4405.70
4405.75
4405.80
4405.85
4405.90
4405.95
4406.00
4406.05
4406.10
4406.15
4406.20
4406.25
4406.30
4406.35
4406.40
4406.45
4406.50
4406.55
4406.60
4406.65
4406.70
4406.75
4406.80
4406.85
4406.90
4406.95
4407.00
4407.05
4407.10
4407.15
4407.20
4407.25
4407.30
4407.35
4407.40
4407.45
4407.50
4407.55
4407.60
4407.65
4407.70
4407.75
4407.80
4407.85
4407.90
4407.95
4408.00
4408.05
4408.10
4408.15
4408.20
4408.25
4408.30
4408.35
4408.40
4408.45
4408.50
4408.55
4408.60
4408.65
4408.70
4408.75
4408.80
4408.85
4408.90
4408.95
4409.00
4409.05
4409.10
4409.15
4409.20
4409.25
4409.30
4409.35
4409.40
4409.45
4409.50
4409.55
4409.60
4409.65
4409.70
4409.75
4409.80
4409.85
4409.90
4409.95
4410.00
4410.05
4410.10
4410.15
4410.20
4410.25
4410.30
4410.35
4410.40
4410.45
4410.50
4410.55
4410.60
4410.65
4410.70
4410.75
4410.80
4410.85
4410.90
4410.95
4411.00
4411.05
4411.10
4411.15
4411.20
4411.25
4411.30
4411.35
4411.40
4411.45
4411.50
4411.55
4411.60
4411.65
4411.70
4411.75
4411.80
4411.85
4411.90
4411.95
4412.00
4412.05
4412.10
4412.15
4412.20
4412.25
4412.30
4412.35
4412.40
4412.45
4412.50
4412.55
4412.60
4412.65
4412.70
4412.75
4412.80
4412.85
4412.90
4412.95
4413.00
4413.05
4413.10
4413.15
4413.20
4413.25
4413.30
4413.35
4413.40
4413.45
4413.50
4413.55
4413.60
4413.65
4413.70
4413.75
4413.80
4413.85
4413.90
4413.95
4414.00
4414.05
4414.10
4414.15
4414.20
4414.25
4414.30
4414.35
4414.40
4414.45
4414.50
4414.55
4414.60
4414.65
4414.70
4414.75
4414.80
4414.85
4414.90
4414.95
4415.00
4415.05
4415.10
4415.15
4415.20
4415.25
4415.30
4415.35
4415.40
4415.45
4415.50
4415.55
4415.60
4415.65
4415.70
4415.75
4415.80
4415.85
4415.90
4415.95
4416.00
4416.05
4416.10
4416.15
4416.20
4416.25
4416.30
4416.35
4416.40
4416.45
4416.50
4416.55
4416.60
4416.65
4416.70
4416.75
4416.80
4416.85
4416.90
4416.95
4417.00
4417.05
4417.10
4417.15
4417.20
4417.25
4417.30
4417.35
4417.40
4417.45
4417.50
4417.55
4417.60
4417.65
4417.70
4417.75
4417.80
4417.85
4417.90
4417.95
4418.00
4418.05
4418.10
4418.15
4418.20
4418.25
4418.30
4418.35
4418.40
4418.45
4418.50
4418.55
4418.60
4418.65
4418.70
4418.75
4418.80
4418.85
4418.90
4418.95
4419.00
4419.05
4419.10
4419.15
4419.20
4419.25
4419.30
4419.35
4419.40
4419.45
4419.50
4419.55
4419.60
4419.65
4419.70
4419.75
4419.80
4419.85
4419.90
4419.95
4420.00
4420.05
4420.10
4420.15
4420.20
4420.25
4420.30
4420.35
4420.40
4420.45
4420.50
4420.55
4420.60
4420.65
4420.70
4420.75
4420.80
4420.85
4420.90
4420.95
4421.00
4421.05
4421.10
4421.15
4421.20
4421.25
4421.30
4421.35
4421.40
4421.45
4421.50
4421.55
4421.60
4421.65
4421.70
4421.75
4421.80
4421.85
4421.90
4421.95
4422.00
4422.05
4422.10
4422.15
4422.20
4422.25
4422.30
4422.35
4422.40
4422.45
4422.50
4422.55
4422.60
4422.65
4422.70
4422.75
4422.80
4422.85
4422.90
4422.95
4423.00
4423.05
4423.10
4423.15
4423.20
4423.25
4423.30
4423.35
4423.40
4423.45
4423.50
4423.55
4423.60
4423.65
4423.70
4423.75
4423.80
4423.85
4423.90
4423.95
4424.00
4424.05
4424.10
4424.15
4424.20
4424.25
4424.30
4424.35
4424.40
4424.45
4424.50
4424.55
4424.60
4424.65
4424.70
4424.75
4424.80
4424.85
4424.90
4424.95
4425.00
4425.05
4425.10
4425.15
4425.20
4425.25
4425.30
4425.35
4425.40
4425.45
4425.50
4425.55
4425.60
4425.65
4425.70
4425.75
4425.80
4425.85
4425.90
4425.95
4426.00
4426.05
4426.10
4426.15
4426.20
4426.25
4426.30
4426.35
4426.40
4426.45
4426.50
4426.55
4426.60
4426.65
4426.70
4426.75
4426.80
4426.85
4426.90
4426.95
4427.00
4427.05
4427.10
4427.15
4427.20
4427.25
4427.30
4427.35
4427.40
4427.45
4427.50
4427.55
4427.60
4427.65
4427.70
4427.75
4427.80
4427.85
4427.90
4427.95
4428.00
4428.05
4428.10
4428.15
4428.20
4428.25
4428.30
4428.35
4428.40
4428.45
4428.50
4428.55
4428.60
4428.65
4428.70
4428.75
4428.80
4428.85
4428.90
4428.95
4429.00
4429.05
4429.10
4429.15
4429.20
4429.25
4429.30
4429.35
4429.40
4429.45
4429.50
4429.55
4429.60
4429.65
4429.70
4429.75
4429.80
4429.85
4429.90
4429.95
4430.00
4430.05
4430.10
4430.15
4430.20
4430.25
4430.30
4430.35
4430.40
4430.45
4430.50
4430.55
4430.60
4430.65
4430.70
4430.75
4430.80
4430.85
4430.90
4430.95
4431.00
4431.05
4431.10
4431.15
4431.20
4431.25
4431.30
4431.35
4431.40
4431.45
4431.50
4431.55
4431.60
4431.65
4431.70
4431.75
4431.80
4431.85
4431.90
4431.95
4432.00
4432.05
4432.10
4432.15
4432.20
4432.25
4432.30
4432.35
4432.40
4432.45
4432.50
4432.55
4432.60
4432.65
4432.70
4432.75
4432.80
4432.85
4432.90
4432.95
4433.00
4433.05
4433.10
4433.15
4433.20
4433.25
4433.30
4433.35
4433.40
4433.45
4433.50
4433.55
4433.60
4433.65
4433.70
4433.75
4433.80
4433.85
4433.90
4433.95
4434.00
4434.05
4434.10
4434.15
4434.20
4434.25
4434.30
4434.35
4434.40
4434.45
4434.50
4434.55
4434.60
4434.65
4434.70
4434.75
4434.80
4434.85
4434.90
4434.95
4435.00
4435.05
4435.10
4435.15
4435.20
4435.25
4435.30
4435.35
4435.40
4435.45
4435.50
4435.55
4435.60
4435.65
4435.70
4435.75
4435.80
4435.85
4435.90
4435.95
4436.00
4436.05
4436.10
4436.15
4436.20
4436.25
4436.30
4436.35
4436.40
4436.45
4436.50
4436.55
4436.60
4436.65
4436.70
4436.75
4436.80
4436.85
4436.90
4436.95
4437.00
4437.05
4437.10
4437.15
4437.20
4437.25
4437.30
4437.35
4437.40
4437.45
4437.50
4437.55
4437.60
4437.65
4437.70
4437.75
4437.80
4437.85
4437.90
4437.95
4438.00
4438.05
4438.10
4438.15
4438.20
4438.25
4438.30
4438.35
4438.40
4438.45
4438.50
4438.55
4438.60
4438.65
4438.70
4438.75
4438.80
4438.85
4438.90
4438.95
4439.00
4439.05
4439.10
4439.15
4439.20
4439.25
4439.30
4439.35
4439.40
4439.45
4439.50
4439.55
4439.60
4439.65
4439.70
4439.75
4439.80
4439.85
4439.90
4439.95
4440.00
4440.05
4440.10
4440.15
4440.20
4440.25
4440.30
4440.35
4440.40
4440.45
4440.50
4440.55
4440.60
4440.65
4440.70
4440.75
4440.80
4440.85
4440.90
4440.95
4441.00
4441.05
4441.10
4441.15
4441.20
4441.25
4441.30
4441.35
4441.40
4441.45
4441.50
4441.55
4441.60
4441.65
4441.70
4441.75
4441.80
4441.85
4441.90
4441.95
4442.00
4442.05
4442.10
4442.15
4442.20
4442.25
4442.30
4442.35
4442.40
4442.45
4442.50
4442.55
4442.60
4442.65
4442.70
4442.75
4442.80
4442.85
4442.90
4442.95
4443.00
4443.05
4443.10
4443.15
4443.20
4443.25
4443.30
4443.35
4443.40
4443.45
4443.50
4443.55
4443.60
4443.65
4443.70
4443.75
4443.80
4443.85
4443.90
4443.95
4444.00
4444.05
4444.10
4444.15
4444.20
4444.25
4444.30
4444.35
4444.40
4444.45
4444.50
4444.55
4444.60
4444.65
4444.70
4444.75
4444.80
4444.85
4444.90
4444.95
4445.00
4445.05
4445.10
4445.15
4445.20
4445.25
4445.30
4445.35
4445.40
4445.45
4445.50
4445.55
4445.60
4445.65
4445.70
4445.75
4445.80
4445.85
4445.90
4445.95
4446.00
4446.05
4446.10
4446.15
4446.20
4446.25
4446.30
4446.35
4446.40
4446.45
4446.50
4446.55
4446.60
4446.65
4446.70
4446.75
4446.80
4446.85
4446.90
4446.95
4447.00
4447.05
4447.10
4447.15
4447.20
4447.25
4447.30
4447.35
4447.40
4447.45
4447.50
4447.55
4447.60
4447.65
4447.70
4447.75
4447.80
4447.85
4447.90
4447.95
4448.00
4448.05
4448.10
4448.15
4448.20
4448.25
4448.30
4448.35
4448.40
4448.45
4448.50
4448.55
4448.60
4448.65
4448.70
4448.75
4448.80
4448.85
4448.90
4448.95
4449.00
4449.05
4449.10
4449.15
4449.20
4449.25
4449.30
4449.35
4449.40
4449.45
4449.50
4449.55
4449.60
4449.65
4449.70
4449.75
4449.80
4449.85
4449.90
4449.95
4450.00
4450.05
4450.10
4450.15
4450.20
4450.25
4450.30
4450.35
4450.40
4450.45
4450.50
4450.55
4450.60
4450.65
4450.70
4450.75
4450.80
4450.85
4450.90
4450.95
4451.00
4451.05
4451.10
4451.15
4451.20
4451.25
4451.30
4451.35
4451.40
4451.45
4451.50
4451.55
4451.60
4451.65
4451.70
4451.75
4451.80
4451.85
4451.90
4451.95
4452.00
4452.05
4452.10
4452.15
4452.20
4452.25
4452.30
4452.35
4452.40
4452.45
4452.50
4452.55
4452.60
4452.65
4452.70
4452.75
4452.80
4452.85
4452.90
4452.95
4453.00
4453.05
4453.10
4453.15
4453.20
4453.25
4453.30
4453.35
4453.40
4453.45
4453.50
4453.55
4453.60
4453.65
4453.70
4453.75
4453.80
4453.85
4453.90
4453.95
4454.00
4454.05
4454.10
4454.15
4454.20
4454.25
4454.30
4454.35
4454.40
4454.45
4454.50
4454.55
4454.60
4454.65
4454.70
4454.75
4454.80
4454.85
4454.90
4454.95
4455.00
4455.05
4455.10
4455.15
4455.20
4455.25
4455.30
4455.35
4455.40
4455.45
4455.50
4455.55
4455.60
4455.65
4455.70
4455.75
4455.80
4455.85
4455.90
4455.95
4456.00
4456.05
4456.10
4456.15
4456.20
4456.25
4456.30
4456.35
4456.40
4456.45
4456.50
4456.55
4456.60
4456.65
4456.70
4456.75
4456.80
4456.85
4456.90
4456.95
4457.00
4457.05
4457.10
4457.15
4457.20
4457.25
4457.30
4457.35
4457.40
4457.45
4457.50
4457.55
4457.60
4457.65
4457.70
4457.75
4457.80
4457.85
4457.90
4457.95
4458.00
4458.05
4458.10
4458.15
4458.20
4458.25
4458.30
4458.35
4458.40
4458.45
4458.50
4458.55
4458.60
4458.65
4458.70
4458.75
4458.80
4458.85
4458.90
4458.95
4459.00
4459.05
4459.10
4459.15
4459.20
4459.25
4459.30
4459.35
4459.40
4459.45
4459.50
4459.55
4459.60
4459.65
4459.70
4459.75
4459.80
4459.85
4459.90
4459.95
4460.00
4460.05
4460.10
4460.15
4460.20
4460.25
4460.30
4460.35
4460.40
4460.45
4460.50
4460.55
4460.60
4460.65
4460.70
4460.75
4460.80
4460.85
4460.90
4460.95
4461.00
4461.05
4461.10
4461.15
4461.20
4461.25
4461.30
4461.35
4461.40
4461.45
4461.50
4461.55
4461.60
4461.65
4461.70
4461.75
4461.80
4461.85
4461.90
4461.95
4462.00
4462.05
4462.10
4462.15
4462.20
4462.25
4462.30
4462.35
4462.40
4462.45
4462.50
4462.55
4462.60
4462.65
4462.70
4462.75
4462.80
4462.85
4462.90
4462.95
4463.00
4463.05
4463.10
4463.15
4463.20
4463.25
4463.30
4463.35
4463.40
4463.45
4463.50
4463.55
4463.60
4463.65
4463.70
4463.75
4463.80
4463.85
4463.90
4463.95
4464.00
4464.05
4464.10
4464.15
4464.20
4464.25
4464.30
4464.35
4464.40
4464.45
4464.50
4464.55
4464.60
4464.65
4464.70
4464.75
4464.80
4464.85
4464.90
4464.95
4465.00
4465.05
4465.10
4465.15
4465.20
4465.25
4465.30
4465.35
4465.40
4465.45
4465.50
4465.55
4465.60
4465.65
4465.70
4465.75
4465.80
4465.85
4465.90
4465.95
4466.00
4466.05
4466.10
4466.15
4466.20
4466.25
4466.30
4466.35
4466.40
4466.45
4466.50
4466.55
4466.60
4466.65
4466.70
4466.75
4466.80
4466.85
4466.90
4466.95
4467.00
4467.05
4467.10
4467.15
4467.20
4467.25
4467.30
4467.35
4467.40
4467.45
4467.50
4467.55
4467.60
4467.65
4467.70
4467.75
4467.80
4467.85
4467.90
4467.95
4468.00
4468.05
4468.10
4468.15
4468.20
4468.25
4468.30
4468.35
4468.40
4468.45
4468.50
4468.55
4468.60
4468.65
4468.70
4468.75
4468.80
4468.85
4468.90
4468.95
4469.00
4469.05
4469.10
4469.15
4469.20
4469.25
4469.30
4469.35
4469.40
4469.45
4469.50
4469.55
4469.60
4469.65
4469.70
4469.75
4469.80
4469.85
4469.90
4469.95
4470.00
4470.05
4470.10
4470.15
4470.20
4470.25
4470.30
4470.35
4470.40
4470.45
4470.50
4470.55
4470.60
4470.65
4470.70
4470.75
4470.80
4470.85
4470.90
4470.95
4471.00
4471.05
4471.10
4471.15
4471.20
4471.25
4471.30
4471.35
4471.40
4471.45
4471.50
4471.55
4471.60
4471.65
4471.70
4471.75
4471.80
4471.85
4471.90
4471.95
4472.00
4472.05
4472.10
4472.15
4472.20
4472.25
4472.30
4472.35
4472.40
4472.45
4472.50
4472.55
4472.60
4472.65
4472.70
4472.75
4472.80
4472.85
4472.90
4472.95
4473.00
4473.05
4473.10
4473.15
4473.20
4473.25
4473.30
4473.35
4473.40
4473.45
4473.50
4473.55
4473.60
4473.65
4473.70
4473.75
4473.80
4473.85
4473.90
4473.95
4474.00
4474.05
4474.10
4474.15
4474.20
4474.25
4474.30
4474.35
4474.40
4474.45
4474.50
4474.55
4474.60
4474.65
4474.70
4474.75
4474.80
4474.85
4474.90
4474.95
4475.00
4475.05
4475.10
4475.15
4475.20
4475.25
4475.30
4475.35
4475.40
4475.45
4475.50
4475.55
4475.60
4475.65
4475.70
4475.75
4475.80
4475.85
4475.90
4475.95
4476.00
4476.05
4476.10
4476.15
4476.20
4476.25
4476.30
4476.35
4476.40
4476.45
4476.50
4476.55
4476.60
4476.65
4476.70
4476.75
4476.80
4476.85
4476.90
4476.95
4477.00
4477.05
4477.10
4477.15
4477.20
4477.25
4477.30
4477.35
4477.40
4477.45
4477.50
4477.55
4477.60
4477.65
4477.70
4477.75
4477.80
4477.85
4477.90
4477.95
4478.00
4478.05
4478.10
4478.15
4478.20
4478.25
4478.30
4478.35
4478.40
4478.45
4478.50
4478.55
4478.60
4478.65
4478.70
4478.75
4478.80
4478.85
4478.90
4478.95
4479.00
4479.05
4479.10
4479.15
4479.20
4479.25
4479.30
4479.35
4479.40
4479.45
4479.50
4479.55
4479.60
4479.65
4479.70
4479.75
4479.80
4479.85
4479.90
4479.95
4480.00
4480.05
4480.10
4480.15
4480.20
4480.25
4480.30
4480.35
4480.40
4480.45
4480.50
4480.55
4480.60
4480.65
4480.70
4480.75
4480.80
4480.85
4480.90
4480.95
4481.00
4481.05
4481.10
4481.15
4481.20
4481.25
4481.30
4481.35
4481.40
4481.45
4481.50
4481.55
4481.60
4481.65
4481.70
4481.75
4481.80
4481.85
4481.90
4481.95
4482.00
4482.05
4482.10
4482.15
4482.20
4482.25
4482.30
4482.35
4482.40
4482.45
4482.50
4482.55
4482.60
4482.65
4482.70
4482.75
4482.80
4482.85
4482.90
4482.95
4483.00
4483.05
4483.10
4483.15
4483.20
4483.25
4483.30
4483.35
4483.40
4483.45
4483.50
4483.55
4483.60
4483.65
4483.70
4483.75
4483.80
4483.85
4483.90
4483.95
4484.00
4484.05
4484.10
4484.15
4484.20
4484.25
4484.30
4484.35
4484.40
4484.45
4484.50
4484.55
4484.60
4484.65
4484.70
4484.75
4484.80
4484.85
4484.90
4484.95
4485.00
4485.05
4485.10
4485.15
4485.20
4485.25
4485.30
4485.35
4485.40
4485.45
4485.50
4485.55
4485.60
4485.65
4485.70
4485.75
4485.80
4485.85
4485.90
4485.95
4486.00
4486.05
4486.10
4486.15
4486.20
4486.25
4486.30
4486.35
4486.40
4486.45
4486.50
4486.55
4486.60
4486.65
4486.70
4486.75
4486.80
4486.85
4486.90
4486.95
4487.00
4487.05
4487.10
4487.15
4487.20
4487.25
4487.30
4487.35
4487.40
4487.45
4487.50
4487.55
4487.60
4487.65
4487.70
4487.75
4487.80
4487.85
4487.90
4487.95
4488.00
4488.05
4488.10
4488.15
4488.20
4488.25
4488.30
4488.35
4488.40
4488.45
4488.50
4488.55
4488.60
4488.65
4488.70
4488.75
4488.80
4488.85
4488.90
4488.95
4489.00
4489.05
4489.10
4489.15
4489.20
4489.25
4489.30
4489.35
4489.40
4489.45
4489.50
4489.55
4489.60
4489.65
4489.70
4489.75
4489.80
4489.85
4489.90
4489.95
4490.00
4490.05
4490.10
4490.15
4490.20
4490.25
4490.30
4490.35
4490.40
4490.45
4490.50
4490.55
4490.60
4490.65
4490.70
4490.75
4490.80
4490.85
4490.90
4490.95
4491.00
4491.05
4491.10
4491.15
4491.20
4491.25
4491.30
4491.35
4491.40
4491.45
4491.50
4491.55
4491.60
4491.65
4491.70
4491.75
4491.80
4491.85
4491.90
4491.95
4492.00
4492.05
4492.10
4492.15
4492.20
4492.25
4492.30
4492.35
4492.40
4492.45
4492.50
4492.55
4492.60
4492.65
4492.70
4492.75
4492.80
4492.85
4492.90
4492.95
4493.00
4493.05
4493.10
4493.15
4493.20
4493.25
4493.30
4493.35
4493.40
4493.45
4493.50
4493.55
4493.60
4493.65
4493.70
4493.75
4493.80
4493.85
4493.90
4493.95
4494.00
4494.05
4494.10
4494.15
4494.20
4494.25
4494.30
4494.35
4494.40
4494.45
4494.50
4494.55
4494.60
4494.65
4494.70
4494.75
4494.80
4494.85
4494.90
4494.95
4495.00
4495.05
4495.10
4495.15
4495.20
4495.25
4495.30
4495.35
4495.40
4495.45
4495.50
4495.55
4495.60
4495.65
4495.70
4495.75
4495.80
4495.85
4495.90
4495.95
4496.00
4496.05
4496.10
4496.15
4496.20
4496.25
4496.30
4496.35
4496.40
4496.45
4496.50
4496.55
4496.60
4496.65
4496.70
4496.75
4496.80
4496.85
4496.90
4496.95
4497.00
4497.05
4497.10
4497.15
4497.20
4497.25
4497.30
4497.35
4497.40
4497.45
4497.50
4497.55
4497.60
4497.65
4497.70
4497.75
4497.80
4497.85
4497.90
4497.95
4498.00
4498.05
4498.10
4498.15
4498.20
4498.25
4498.30
4498.35
4498.40
4498.45
4498.50
4498.55
4498.60
4498.65
4498.70
4498.75
4498.80
4498.85
4498.90
4498.95
4499.00
4499.05
4499.10
4499.15
4499.20
4499.25
4499.30
4499.35
4499.40
4499.45
4499.50
4499.55
4499.60
4499.65
4499.70
4499.75
4499.80
4499.85
4499.90
4499.95
4500.00
